1792663719
1792427597
1792757994
1792754121
1789944493
1792522810
1792751171
1792696608
1792586670
1791329062
1792714252
1790122258
1792643021
1792617938
1792607502
1792579511
1792488913
1792207597
1791921172
1789657735
1782594361
1779434618
1792543760
1792513358
1792458072
1792437227
1792370379
1792313414
1792269076
1792243765
1792223847
1792207849
1792184864
1792166720
1792138246
1792083876
1792072355
1792035734
1792001454
1791986153
1791978254
1791949523
1791049985
1791907349
1791879056
1791858599
1791665269
1791811560
1791494493
1791750777
1791733487
1790122184
1791700015
1791680219
1791256125
1791607611
1791584147
1791551656
1792207774
1792184109
1792163942
1792079303
1792055355
1792015227
1791994170
1791984541
1791977904
1791922861
1791901602
1791871164
1791858582
1791735310
1791797415
1791738831
1791728327
1791718160
1791694316
1791679843
1791631337
1791583785
1791544920
1791532366
1791514130
1791503611
1791479920
1791397987
1791387496
1791375463
1791359984
1791337122
1791320843
1791289560
1791276932
1791262482
1791237141
1791225650
1791211395
1791137105
1791111581
1791092488
1791070779
1791053606
1791015991
1790957220
1790885541
1790841605
1790804833
1790751929
1790735988
1790669230
1790630677
1790568508
1790511335
1790460700
1790410316
1790359731
1790335618
1790294013
1790260780
1790219313
1790193584
1790174802
1790164442
1790092297
1790069835
1790054736
1790036290
1789990690
1789964685
1789894462
1789841181
1789827896
1789808275
1789776141
1789752967
1789709091
1789688267
1789662850
1789619321
1789547021
1789532883
1789499745
1789483110
1789445711
1789424968
1789322001
1786712216
1789229298
1789195551
1789176550
1789146657
1789086705
1789077979
1789066880
1789057186
1789026781
1788990452
1788933225
1788908501
1788888897
1788858262
1788827805
1788816631
1788778589
1788745040
1788733269
1788703629
1779125604
1788683381
1788635349
1788629029
1786640528
1788559735
1788540017
1788518928
1792744172
1791195041
1792702910
1791640076
1792343664
1792755723
1785775545
1792747461
1792599988
1792077214
1788216398
1792171598
1792632728
1792611940
1792596680
1792543488
1792424113
1792031929
1790440572
1788175836
1781930644
1792571506
1792530384
1792480879
1792452595
1792414117
1792347522
1792296276
1792262846
1792238723
1792219426
1792198001
1792176778
1792157688
1792123613
1792075052
1792047248
1792014455
1791988133
1791980058
1791972476
1791940610
1791922081
1791887551
1791867173
1791853106
1791835676
1791788433
1791761564
1791738525
1791725185
1791714164
1791693921
1791667050
1791626757
1791591558
1791582077
1791540304
1791523756
1791510771
1791497289
1791452008
1791343965
1791391880
1791386359
1791370590
1791358775
1791334030
1791320603
1791303574
1791286947
1791269153
1791261449
1791236892
1791219823
1791205963
1791157085
1791130753
1791104032
1791086453
1791063066
1791048203
1791012493
1790978653
1790953846
1790878837
1790824003
1790802000
1790750623
1790730112
1790692676
1790661969
1790611014
1790561705
1790499017
1790459384
1790410302
1790373162
1790343892
1790310782
1790293740
1790013869
1790208958
1790192086
1790178159
1790170591
1790134256
1790088214
1790069643
1790054445
1790029160
1789996926
1789987991
1789955482
1789887270
1789838251
1789827182
1789804169
1789784541
1789775791
1789749114
1789703819
1789687347
1789658000
1789616718
1789562858
1789543702
1789527726
1789499287
1789462858
1789444096
1789419823
1789347007
1789310644
1789273129
1789216481
1789191706
1789165099
1789145480
1789094232
1789083654
1789069483
1789065499
1789049833
1789023756
1788982678
1788956855
1788916160
1788903758
1788880760
1788846540
1788822486
1788816299
1788793291
1788740865
1788724335
1788700898
1788695451
1788678168
1788667907
1788632539
1788624163
1788574258
1788558303
1788539772
1788125404
1792710154
1792613094
1786828219
1792033794
1792700017
1783300033
1789367718
1792598867
1787146278
1792656023
1792644589
1792626245
1792610806
1792594754
1792541759
1791957078
1789801532
1786137882
1779523348
1792552475
1792523456
1792451451
1792402610
1792324718
1792289921
1792249899
1792230849
1791965676
1792072462
1792036723
1791987034
1791979107
1791957669
1791930345
1791911393
1791881179
1791837435
1791813312
1791765907
1791757448
1791737738
1791723763
1791685628
1791644704
1791609537
1791588003
1791569371
1791539414
1791503841
1791497149
1791440748
1791411550
1791391556
1791386284
1791259840
1791325549
1791319101
1791290844
1791284152
1791268453
1791236154
1791217439
1791187200
1791154531
1791119151
1791103616
1791061951
1791039641
1791012016
1790972440
1790925025
1790872752
1790790840
1790745379
1790699801
1790678365
1790656808
1790610192
1790239892
1790438953
1790391742
1790370399
1790342910
1790310336
1790233939
1790204961
1790189974
1790177659
1790168055
1789959656
1790067397
1790052372
1790027432
1789991857
1789986806
1789949797
1789837692
1789824218
1789790935
1789783746
1789766990
1789734346
1789684583
1789642623
1789614083
1789561764
1789542166
1789518936
1789448776
1789441780
1789320065
1789345093
1789307809
1789249299
1789181484
1789159653
1789133564
1789091119
1789081844
1789068564
1789047536
1784344942
1788981039
1788943850
1788915784
1788901786
1788842840
1788821174
1788811643
1788790923
1788768036
1788738058
1788699064
1788688971
1788676190
1788662959
1788630517
1788617564
1788556712
1788535769
1788498266
1791076695
1791340770
1792568297
1784659757
1792640271
1780564850
1792759434
1792648545
1792633003
1781198219
1792129553
1791839419
1792472020
1791709726
1791519159
1791382373
1791362630
1791345495
1791325389
1791318945
1791289810
1791283532
1791265655
1791242383
1791232708
1791212298
1791184125
1791142589
1791116574
1791094552
1791074807
1791056649
1791031115
1791010949
1790961139
1790894500
1790852634
1790813322
1790789898
1790740518
1790698351
1790675591
1790654177
1790578474
1790515141
1790462793
1790432291
1790381885
1790360907
1790339413
1790298220
1790283249
1790230700
1790193692
1790183993
1790176364
1790164513
1790112966
1790074798
1790056103
1790050318
1792815025
1791339039
1792798955
1792811435
1792801447
1792639624
1790164816
1746689173
1792617118
1792469234
1792217196
1792117474
1792013283
1791862137
1791536024
1791515532
1791503820
1791439532
1791405457
1791311799
1791181230
1790987513
1790696671
1790375079
1790181737
1792598368
1791430087
1792781461
1785620478
1792786165
1792770106
1792703429
1789743011
1790878233
1792491225
1792210460
1792075394
1791877806
1791761868
1791597599
1791411681
1791686094
1792136149
1788530720
1792812024
1792646892
1792762269
1792749933
1792597938
1792456167
1792424781
1792363935
1792304087
1792267592
1792221869
1791948870
1791370038
1791243479
1791078556
1790820341
1790532241
1790293423
1790082835
1792818019
1792608978
1789162931
1773873951
1784227082
1792700908
1791865719
1792800035
1787866732
1792823622
1792700315
1791530636
1792826585
1792822419
1792810795
1792801328
1792781530
1792725956
1792684057
1792609234
1791651210
1792177017
1790302001
1791878702
1791209547
1790297089
1789367385
1786885161
1782510190
1775090360
1792822347
1792818866
1792818020
1790609817
1791525721
1791779246
1792814730
1792072638
1792810889
1792798674
1792793666
1792770781
1792763247
1792756268
1792738178
1792716553
1792694700
1792644446
1792552870
1792123830
1792424884
1792390875
1792347758
1790133683
1792210548
1792197676
1791729649
1791908968
1791591154
1791357930
1791241974
1790984790
1790583580
1790171691
1789752185
1788170209
1786821609
1785649822
1780390646
1772450071
1792801410
1792797689
1792787149
1792775623
1792761080
1792714511
1792680451
1774516380
1792570557
1792463876
1792364759
1792198722
1792030983
1791938014
1791796011
1791701525
1781365643
1791341709
1790871408
1790275188
1788778009
1786435814
1783483459
1776979195
1792782701
1792765046
1792751547
1792748400
1792744477
1792736187
1792730735
1792721083
1792716635
1792711347
1792704271
1792699915
1792691288
1792687535
1792681005
1792676692
1792673395
1792670829
1792664023
1792654571
1792650276
1792643865
1792640395
1792618887
1792600343
1792586445
1792571087
1792556334
1792516076
1792488723
1792468899
1786717522
1792411619
1792305696
1787655818
1792236129
1783575149
1792138665
1792036368
1791987316
1791937438
1791920741
1791739094
1791671314
1791447290
1792828142
1792791347
1781580756
1789082618
1792809389
1792814677
1792594514
1792767607
1128046914
1792816148
1791030694
1790951471
1792826421
1792802521
1792800467
1790400824
1792723759
1792678182
1792443162
1792155907
1782985693
1791828328
1790905415
1790248890
1788005370
1143880867
1752113538
1791539230
1791716783
1792189828
1791588150
1791778729
1792814245
1792077632
1792810863
1792803502
1792633818
1792768674
1792761486
1789578279
1792724019
1792702264
1792689813
1792546429
1791378083
1792414301
1792376060
1792318865
1792256111
1792150982
1792056215
1791847743
1791522378
1791335311
1791124795
1790562126
1789936251
1789750282
1787812035
1786482918
1780539958
1792810997
1792800689
1792793271
1792783413
1792769253
1792746298
1792677515
1792617551
1792542302
1792421431
1792295601
1792118435
1791911262
1791784874
1791676134
1785874021
1791301636
1790674013
1788105662
1785897995
1782190312
216040341
1792776891
1792759799
1792744971
1792743245
1791800250
1792729754
1792720897
1792715581
1792704197
1792699311
1792691214
1792687152
1792680830
1792675256
1792670596
1792662453
1790404701
1792649549
1792643391
1792639940
1792598618
1792585372
1792570898
1792546879
1792508541
1792124034
1792429757
1792406661
1792303175
1792262165
1792235778
1792202364
1792029751
1791984595
1791931891
1791823202
1791726357
1791638881
1792825948
1792759973
1790517239
1788021666
1791925668
1789135068
1792565141
1785966738
1791298257
1790007547
1792813478
1792674387
1790082409
1792826187
1792820298
1792801460
1792796896
1786603743
1791499856
1792671820
1792280247
1791195593
1791501004
1791808496
1790585347
1790127429
1787647118
1768416991
1780442731
1744201649
1792819948
1791747808
1791623670
1791582391
1791798204
1791072446
1792814231
1792072000
1792810544
1792800882
1792797791
1792676696
1792765642
1792759035
1792744158
1792723892
1792695580
1792677483
1792570979
1792519257
1792451165
1792401450
1792366871
1654596883
1792227333
1792203174
1792138180
1792029856
1791734110
1791475341
1791304533
1791087013
1790722050
1789808447
1782978078
1788956095
1787578233
1786059301
1778405392
1777060543
1792803767
1792800297
1790738668
1792782998
1792766527
1792723873
1792702577
1792668618
1792613756
1787503966
1792418570
1792282563
1792035688
1791992598
1791862807
1791778469
1791606348
1791394305
1791272907
1790499724
1439880626
1787950294
1785158612
1782183878
1792785965
1792772129
1792759294
1792749911
1789355974
1792741992
1792733810
1792729351
1792720026
1792713210
1792704756
1792703350
1792697891
1792690881
1792686252
1792679600
1792674220
1792671785
1792668944
1792660256
1792652440
1792648046
1792643085
1792625354
1792615436
1792596074
1792579342
1792568906
1792546216
1792489687
1792475816
1792366839
1792423264
1792355006
1792301345
1792257353
1792214677
1792177720
1792082678
1792025340
1791963851
1791931170
1791786839
1791692072
1791406425
1792751932
1789920757
1790489136
1792816237
1792538312
1792817476
1788173442
1792704041
1792065288
1788043907
1792826063
1792814707
1792801424
1792782654
1792704001
1787633253
1792413785
1792231447
1792008134
1791897434
1790384596
1789633986
1786954511
1785557420
1777231311
1792823910
1791739287
1791620901
1791526633
1791788520
1791809027
1792067635
1792808802
1791809403
1792797054
1792771181
1792194817
1792757451
1792718877
1792694831
1792649013
1792564999
1792499307
1792445503
1792358020
1792306085
1792224321
1789831457
1792090910
1791989450
1791362815
1790526078
1791061141
1790667875
1790332101
1789791141
1787391999
1778844211
1782418617
1773999113
1792802766
1792799392
1792775821
1792764730
1792721242
1792701447
1792644172
1792570662
1792369557
1792256075
1792033804
1791962389
1791862666
1791759787
1791349480
1791187491
1790482878
1789072771
1787892410
1783579292
1792783282
1792769423
1792757088
1792748570
1792744749
1792740151
1792724313
1792719265
1792712338
1792704376
1792702895
1792697418
1792681945
1792678099
1792673461
1792671660
1792667338
1791690689
1792647507
1792641058
1792620968
1792608312
1792592687
1792571869
1792528013
1792489431
1792294421
1792432053
1792415313
1792333702
1792244376
1792207312
1792163419
1792047761
1791990572
1791946566
1791751624
1789745208
1791464561
